20
1000000000 100000
999999999 1 999999999 1000000000
131 74
1 9 10 78736
1000000000 100000
99999 1 99999 100000
82 81
58 56 739 82
45068754 29153
2 9 5 999904402
1000000000 1
12 7 74 12
232959116 56689
4 9 1 999903057
46 18
7 11 9 46
186 75
68 16 539 186
977365070 59489
8 5 9 999966210
98 59
6 30 524 98
1000000000 100000
1 1 0 2
112 73
1 5 3 64100
73 26
5 8 4 54214
164 96
76 2 193 164
840698758 13331
8 7 10 999955808
1000000000 100000
100000 1 0 1000000000
1000000000 100000
1 1 1 1000000000
66 39
35 2 589 66
198 81
8 5 7 83495
